847
336 52
428 115
494 66
148 426
66 353
16 4
306 153
112 114
26 474
311 590
780 193
2 4
34 61
583 129
112 845
532 240
589 516
391 324
21 9
742 568
343 187
92 49
359 514
358 599
770 198
476 62
165 329
32 399
452 649
734 695
643 561
208 373
838 459
395 719
56 33
617 37
376 655
2 9
157 15
355 687
130 67
656 195
380 114
136 754
123 276
480 376
450 473
152 178
303 234
220 345
165 51
688 813
155 94
31 54
347 439
839 300
172 512
551 126
11 26
274 130
208 178
627 787
683 637
58 651
315 287
376 497
667 71
330 84
411 63
800 466
763 440
63 127
301 364
137 721
44 4
325 201
102 122
166 231
529 255
205 255
293 386
449 359
843 250
452 825
116 135
89 74
703 753
316 185
135 652
183 98
621 485
17 14
25 272
481 355
554 172
63 41
5 11
60 26
164 1
191 414
334 27
453 407
285 588
112 288
352 347
333 826
748 830
538 315
3 51
214 376
598 204
299 237
720 22
197 745
238 489
13 27
71 17
21 844
103 237
190 101
88 121
525 710
30 633
23 384
239 819
41 36
139 724
311 184
485 571
726 638
59 12
218 178
374 157
78 436
137 145
11 243
342 111
347 196
575 442
134 628
375 151
107 8
366 299
75 509
149 43
565 743
28 355
606 41
440 213
466 359
133 245
245 487
586 306
420 602
180 122
283 132
19 275
335 653
278 35
179 9
2 31
584 240
22 28
95 139
98 47
660 280
385 40
257 359
41 126
581 328
235 768
118 673
437 26
222 339
507 526
189 533
58 563
6 341
123 351
50 681
664 376
262 337
197 126
607 498
81 106
327 44
49 19
746 617
191 291
668 635
19 13
837 176
43 478
154 49
587 537
537 452
20 25
99 71
34 1
435 166
257 251
827 412
39 338
180 193
437 543
443 157
173 32
356 20
596 294
44 160
806 354
549 215
316 817
539 58
323 717
130 150
367 492
490 520
417 107
33 144
790 287
5 2
741 350
505 273
641 361
12 454
354 176
262 177
636 835
1 22
71 86
110 370
556 266
187 663
282 420
187 43
393 347
709 824
113 31
282 665
418 103
605 231
516 550
846 263
672 739
772 85
709 48
504 208
152 198
714 110
131 295
349 83
732 75
395 446
560 574
228 266
292 677
646 435
74 267
75 177
736 341
674 117
564 774
801 133
70 17
114 151
151 447
680 788
280 87
15 9
224 279
17 246
99 184
190 264
629 814
358 326
112 470
680 371
246 469
13 36
219 162
847 766
831 163
218 559
658 188
17 553
600 389
22 400
829 487
544 24
319 18
78 45
461 52
427 495
441 381
723 604
497 793
28 141
644 836
336 695
252 26
45 103
359 404
382 564
636 214
65 26
609 630
604 260
541 565
119 216
26 75
268 332
134 408
328 368
152 52
80 22
265 101
708 257
170 58
372 276
20 9
670 78
820 375
38 39
129 119
108 597
524 483
126 669
701 301
22 394
737 571
833 264
163 138
257 390
842 799
626 411
536 493
522 757
282 38
203 580
379 225
485 253
457 227
159 518
388 784
712 52
795 723
42 769
675 502
30 4
51 109
744 718
509 765
562 162
818 115
277 87
51 781
5 48
260 397
476 591
108 34
112 189
248 221
312 313
33 1
409 197
10 18
248 297
138 52
488 410
91 186
23 4
521 71
207 239
272 378
90 2
603 287
362 557
542 566
463 68
106 188
158 168
823 575
378 727
119 191
35 14
172 270
357 593
194 261
196 190
46 15
387 26
254 192
761 48
410 330
381 179
31 433
58 23
111 369
413 12
501 135
634 648
635 379
42 228
55 438
305 196
317 204
72 68
247 805
276 326
517 488
309 331
516 265
110 298
69 13
502 490
34 294
47 377
148 527
87 13
730 581
657 254
79 7
161 234
738 91
33 123
217 791
783 223
190 250
162 211
61 88
685 322
777 840
66 38
13 45
751 317
734 808
398 14
303 618
469 747
371 416
131 117
281 809
569 570
68 166
431 108
545 68
150 268
52 620
202 167
431 810
120 389
32 37
38 322
388 157
361 285
504 699
7 12
811 294
154 452
213 15
255 468
7 125
263 371
245 585
88 442
624 565
693 288
56 175
634 496
430 153
397 704
230 188
603 639
535 384
363 213
85 11
219 448
19 611
184 235
507 218
244 253
204 174
221 206
18 42
382 230
72 756
705 686
594 514
125 362
287 692
158 84
112 731
159 296
477 395
307 92
346 637
464 184
339 472
28 52
226 78
608 206
356 711
16 119
55 696
100 61
407 65
465 54
161 94
310 525
786 739
148 256
158 691
223 121
321 444
379 592
515 437
32 116
59 659
335 401
118 49
662 278
45 96
503 332
602 644
137 132
156 40
207 93
260 259
312 114
143 136
340 208
728 36
510 500
251 55
406 251
167 87
644 689
37 84
85 816
310 225
227 172
654 462
183 217
663 767
33 73
684 208
561 501
144 200
403 22
7 134
31 91
14 13
290 333
309 254
642 199
758 130
50 46
7 6
20 101
83 314
618 631
201 486
115 759
558 147
259 183
96 450
392 240
700 716
612 384
269 236
511 573
610 106
645 302
172 110
171 185
141 802
605 740
47 615
208 289
4 38
485 513
206 188
37 579
528 540
582 550
832 816
396 172
434 64
247 7
360 356
50 284
822 782
348 54
214 119
7 24
158 647
735 328
460 408
142 97
66 629
760 207
22 419
27 169
542 414
36 181
146 21
120 81
30 47
320 84
415 424
224 703
74 104
198 425
192 48
75 432
10 74
37 506
807 625
328 268
752 363
289 318
13 5
773 411
73 244
194 146
180 576
345 569
700 234
427 347
195 38
240 239
199 151
286 140
80 500
140 229
676 785
522 492
459 332
82 292
132 715
445 312
153 93
690 526
625 515
702 474
523 415
5 546
323 5
682 364
423 128
692 729
804 599
718 715
375 595
77 36
722 221
58 133
210 154
283 672
165 225
627 384
154 162
105 96
147 171
803 324
479 438
93 71
614 211
444 779
148 56
640 634
1 2
796 170
134 350
38 68
3 128
601 108
568 518
206 750
47 76
395 209
24 484
755 549
324 129
81 83
630 698
128 671
176 103
602 609
110 9
493 531
841 218
136 130
183 346
35 140
555 479
357 14
797 680
506 766
53 236
794 772
315 455
798 391
577 688
182 162
290 252
498 114
42 62
109 706
38 115
302 218
116 117
530 127
91 94
404 776
176 233
494 764
548 186
242 78
345 493
815 792
212 143
170 499
254 491
834 730
52 147
508 534
56 238
223 686
725 20
158 258
762 245
613 59
771 71
785 792
638 491
171 201
10 64
84 209
114 577
70 132
471 347
3 2
90 281
29 40
271 210
335 164
534 661
356 622
421 2
88 304
572 323
441 713
273 17
67 64
249 217
233 458
697 309
308 195
3 6
511 277
545 650
29 9
10 57
29 82
138 300
777 697
71 263
