1 4
2 4
34 4
39 4
101 4
106 4
107 4
108 4
154 4
163 4
172 4
177 4
182 4
197 4
227 4
231 4
239 4
243 4
247 4
271 4
272 4
313 4
325 4
329 4
352 4
368 4
369 4
383 4
415 4
421 4
454 4
469 4
479 4
489 4
498 4
505 4
507 4
510 4
515 4
541 4
559 4
607 4
619 4
656 4
685 4
701 4
704 4
714 4
717 4
727 4
739 4
746 4
756 4
784 4
809 4
828 4
856 4
907 4
106 6
162 6
176 6
181 6
196 6
230 6
414 6
453 6
468 6
478 6
488 6
506 6
606 6
655 6
738 6
808 6
855 6
180 8
452 8
467 8
654 8
737 8
854 8
451 10
466 10
853 10
450 12
465 12
